5165992206 323530098 1214138264 1214145396
5171042884 324883930 1215078592 1215088024
5172674680 324544524 1215574384 1215577131
5172258317 324593469 1215452816 1215447540
5168147071 323670707 1214674428 1214673776
5166743444 323912775 1214271040 1214247160
5172855310 324621033 1215614585 1215612931
5171654180 324504740 1215323188 1215345108
5172663860 324229416 1215659494 1215658182
0 0 0 0
51717123 0 26861367 26861166
44838675 0 23446216 23446003
28736190 0 15370141 15370307
14738502 0 8358755 8359030
29189472 0 15589642 15589180
7682888 0 3841409 3841470
53864629 0 26932581 26931900
50824957 0 26415885 26415266
0 0 0 0
0 0 0 0
