5244166176 28804 2622008164 2622168216 0 352.663104
5244980724 25924 2622413408 2622573452 0 352.579720
5242327130 27546 2621092880 2621252852 0 352.399568
5243042947 27135 2621451056 2621611068 0 352.624779
5245829527 39091 2622827500 2622987588 0 352.620372
5243650138 26962 2621749580 2621909588 0 352.476595
5240166708 21216 2620007492 2620167388 0 352.196071
5255214249 31617 2627529204 2627689588 0 353.278117
5247799870 29278 2623822396 2623982560 0 352.692201
5282882188 26752 2641364896 2641526104 0 355.109205
5238136988 29288 2618991908 2619151776 0 352.114844
5240211691 39047 2620024564 2620184488 0 352.422093
5247225151 32931 2623531420 2623691568 0 352.677819
5245219333 37901 2622525936 2622686008 0 352.560286
5244205116 24816 2622024596 2622184636 0 352.690667
5240588042 29105 2620223676 2620383620 0 352.423885
5246036467 28995 2622940800 2623100904 0 352.721695
5245990193 40733 2622912704 2623072816 0 352.703377
5246558851 29291 2623203412 2623363524 0 352.808255
5250093903 34579 2624970408 2625130644 0 352.919553
5241315712 30424 2620576468 2620736428 0 352.383950
5246068600 53592 2622997828 2623157928 0 352.626745
5263034869 31545 2631436984 2631597584 0 353.766230
5258975937 42557 2629405852 2629566284 0 353.508901
5237403031 28687 2618623084 2618782908 0 352.341156
5247788195 40739 2623807332 2623967452 0 352.771985
5247122580 27244 2623533512 2623693664 0 352.714312
5239101379 29967 2619468412 2619628264 0 352.713306
5273833293 23229 2636839904 2637000856 0 354.525954
5241485379 31515 2620661916 2620821860 0 352.480230
5255432732 26672 2627636644 2627797016 0 353.544775
5248555391 30667 2624252944 2624413148 0 352.795803
5248518790 26906 2624180680 2624340852 0 352.775523
5239390160 38416 2619615516 2619775408 0 352.338294
5242115422 25290 2620979020 2621139000 0 352.301060
5283123954 35786 2641479820 2641641028 0 355.120781
5249527181 29629 2624683732 2624843932 0 352.812687
5253902272 48440 2626860792 2627021156 0 353.292731
5246021120 38680 2622928040 2623088128 0 352.882830
5249365678 32978 2624600504 2624760700 0 352.905327
5260996383 30935 2630472760 2630633360 0 353.637378
5249882908 30972 2624862228 2625022456 0 353.330784
5238342596 41204 2619086448 2619246304 0 352.446311
5243747353 25977 2621795764 2621955764 0 352.451478
5249042905 29881 2624441656 2624601872 0 352.838238
5249891011 35691 2624914964 2625075184 0 352.827460
5249883652 46540 2624853564 2625013760 0 352.922046
5257890303 38303 2628864612 2629025056 0 353.519775
5242822373 29065 2621328460 2621488460 0 352.361722
5241619863 31043 2620730704 2620890664 0 352.476626
