5107905058 139094 2553805962 2553961750 65535
5109617404 44440 2554709380 2554865296 65535
5105740525 91609 2552747348 2552903208 65535
5102503427 49899 2551149760 2551305489 65535
5110685085 59377 2555235716 2555391692 65535
5120427282 55542 2560108572 2560264877 65535
5107520857 46301 2553660240 2553816036 65535
5108020476 79336 2553893488 2554049334 65535
5111466671 343559 2555484408 2555640336 65535
5105046927 71079 2552410845 2552566634 65535
5106778310 69498 2553277432 2553433165 65535
5108815784 88436 2554286456 2554442484 65535
5107793845 43269 2553798196 2553954052 65535
5111019818 30846 2555417336 2555573319 65535
5110510210 86426 2555134783 2555290674 65535
5106988354 66818 2553383629 2553539545 65535
5109022176 88956 2554389360 2554545453 65535
5108054890 72822 2553913897 2554069792 65535
5114065374 84654 2556913143 2557069179 65535
5104429400 38968 2552118188 2552273960 65535
5106586243 85179 2553173440 2553329312 65535
5108564863 104263 2554153192 2554309072 65535
5110638894 45690 2555219469 2555375391 65535
5107098276 35004 2553454544 2553610407 65535
5106226262 56278 2553007936 2553163720 65535
5107049454 52846 2553421220 2553577092 65535
5106197215 51431 2552995873 2553151643 65535
5103746667 45455 2551773568 2551929332 65535
5108146219 30339 2553980840 2554136740 65535
5107464392 44876 2553632644 2553788529 65535
5108089049 51437 2553941740 2554097616 65535
5101942322 114110 2550837145 2550992790 65535
5108054542 56038 2553922122 2554078006 65535
5101490511 50443 2550642988 2550798752 65535
5102012330 49674 2550904328 2551060016 65535
5101190241 86485 2550474867 2550630560 65535
5100323089 96257 2550036400 2550192104 65535
5099833746 75030 2549802350 2549958030 65535
5101801086 34502 2550806276 2550962036 65535
5100581370 81562 2550172960 2550328556 65535
5105802876 83132 2552782770 2552938578 65535
5100080301 38153 2549944088 2550099728 65535
5100733522 87234 2550246120 2550401821 65535
5103017767 92163 2551385732 2551541545 65535
5110959676 89072 2555358148 2555514120 65535
5115783314 71414 2557778812 2557934854 65535
5102706863 57731 2551247552 2551403244 65535
5103529599 27595 2551673936 2551829724 65535
5104098048 63848 2551940063 2552095802 65535
1203738128 27948 404372188 404353736 65535
230918007 24991 77566412 77562716 65535
382026326 24174282 89463093 89466128 65535
224712492 14181776 52632564 52635938 49151
889782949 69349 298889080 298875368 65535
189556530 36698 63667752 63664632 65535
761799777 48102426 178426400 178426204 49151
231387048 14628617 54192040 54194176 49151
324030888 20559828 75864660 75867516 49151
110121412 7026478 140489679546928 140489679546589 49151
52044189 3322739 139930960848560 139930960848735 49151
93415513 5906147 21877548 21878832 49151
527798299 33197847 123652778 123647908 49151
91564199 5745801 21455685 21454816 65535
40207565 2558929 9412632 9413424 65535
