494395828 26839 275765136 218661470 0
494763851 1049 275979400 218831063 0
494312171 3284 275723475 218630360 0
494239893 26483 275673766 218589844 0
494272181 116 275704504 218612321 0
494624174 972 275898540 218766724 0
494418275 1088 275783478 218676299 0
496550944 819 276980204 219625315 0
496606266 2258 277007149 219645148 0
495721847 1101 276511000 219253576 0
497347136 2284 277417818 219972020 0
494159927 2074 275639638 218564889 0
494350026 572 275745546 218646956 0
494190208 1570 275656044 218576951 0
495272441 1755 276266348 219059536 0
494684858 2717 275931553 218793612 0
494368149 879 275754333 218654788 0
494945446 662 276082607 218913892 0
494404914 1920 275774804 218670657 0
494783098 883 275987694 218839450 0
495375782 2030 276317994 219099388 0
494340637 462 275740356 218644002 0
493952937 121 275523816 218470921 0
494366034 1767 275753714 218653488 0
494717835 5254 275953748 218812090 0
494503954 5716 275828927 218713480 0
496103048 4802 276720531 219420332 0
494384527 3608 275766455 218663640 0
495172558 534 276204661 219010236 0
494748159 714 275968287 218824988 0
494299081 802 275716548 218625108 0
494608448 352 275894864 218765734 0
494403433 2041 275774040 218669979 0
494836599 2448 276016012 218861973 0
494920626 3117 276062868 218897988 0
494847171 4088 276020108 218865484 0
494384349 5417 275765704 218662677 0
494233439 2928 275683724 218596548 0
494338530 2111 275737252 218638587 0
494063025 454 275589316 218522164 0
494361218 2001 275751273 218652302 0
495139286 1347 276186457 218995069 0
496075599 23424 276694964 219400412 0
494871088 1044 276043243 218881981 0
494460850 15653 275798423 218689176 0
494952582 2850 276079264 218912195 0
493665304 3276 275363529 218342411 0
494440876 6424 275794928 218687172 0
496231189 2724 276792683 219476818 0
494481703 678 275821269 218705662 0
