754730714 6043 518133928 236629481 54856
755973497 3207 518987244 237028142 54856
754971315 1928 518293152 236713550 54856
755503456 6727 518657016 236878844 54856
755397562 6898 518581632 236849261 54856
755487852 4157 518647588 236875616 54856
758823176 45048 520914540 237908236 54856
754757970 8024 518140060 236645814 54856
758929814 11119 521007310 237948236 54856
755257257 5442 518492724 236796372 54856
755090339 1812 518381995 236748964 54856
754706653 2619 518107136 236629964 54856
755236885 5279 518479236 236789150 54856
755275626 9704 518492756 236813236 54856
755251054 6044 518491144 236796320 54856
755398048 4097 518580796 236850222 54856
754441857 6278 517924364 236549192 54856
755654053 14566 518760252 236916412 54856
755180313 17299 518417096 236786100 54856
757091132 8205 519742788 237378760 54856
755028559 2718 518325335 236733964 54856
754277672 9001 517816920 236491591 54856
755702001 16190 518775800 236949309 54856
755831469 11434 518873256 236985071 54856
758473442 8456 520696772 237811958 54856
754637158 2915 518066528 236604434 54856
754666217 5922 518082247 236614662 54856
755296238 3514 518523464 236806636 54856
758340665 5985 520592842 237778184 54856
754620316 10904 518049816 236598656 54856
754856624 6471 518206732 236679824 54856
755470265 8772 518629392 236868160 54856
755613219 24430 518714408 236910246 54856
755037799 7204 518329100 236737395 54856
755378228 4152 518578512 236830696 54856
755582794 11820 518712328 236898980 54856
755859416 54159 518863320 236981721 54856
755451582 4000 518621538 236865747 54856
753815792 2110 517491468 236362890 54856
754115305 3105 517695422 236450164 54856
756630103 12025 519418408 237240267 54856
755743932 13460 518824744 236943246 54856
755396960 7774 518584932 236844084 54856
756574409 1538 519389632 237222976 54856
755033183 2486 518328988 236737064 54856
757506179 3634 520032579 237504528 54856
755824015 7712 518869840 236983883 54856
756320058 1279 519216652 237141126 54856
757156283 2099 519794099 237394712 54856
755613470 24529 518706404 236918289 54856
