758603591 17870 520778720 237856676 54856
754801853 12758 518173308 236665012 54856
755152419 5805 518414120 236780876 54856
754808665 11323 518174032 236666212 54856
754254322 9041 517806296 236482891 54856
757609997 17122 520095728 237548724 54856
754455852 6599 517941216 236557580 54856
757750203 11577 520200968 237588524 54856
754790679 8992 518180618 236647288 54856
754823374 9427 518195036 236663495 54856
755570598 14027 518701268 236899574 54856
756969847 13774 519653800 237351938 54856
754800011 11237 518183424 236650631 54856
754691681 7357 518108780 236620685 54856
756247947 16370 519160956 237119730 54856
755485447 14313 518645424 236875056 54856
754337207 12298 517854860 236514439 54856
755314386 21070 518521936 236817792 54856
753408506 26272 517203316 236226144 54856
755425887 35886 518591407 236848331 54856
755102677 18323 518368916 236759045 54856
757151785 24521 519777260 237394412 54856
755829981 22023 518880120 236971016 54856
755448825 26843 518608553 236855080 54856
755023874 11701 518330524 236729103 54856
754861637 6938 518216940 236688001 54856
754562576 15837 518013352 236585492 54856
754758170 9718 518141008 236658538 54856
755827605 12525 518876807 236985953 54856
756688706 13045 519481734 237241655 54856
754930029 11088 518265448 236704547 54856
754023958 19932 517634820 236414756 54856
754863976 11583 518224624 236669524 54856
755576039 5534 518716292 236899798 54856
755550398 10770 518697384 236893280 54856
753814418 12351 517500192 236350752 54856
756408117 3214 519285792 237166750 54856
758041813 9086 520413418 237667410 54856
755888926 5699 518926464 237005226 54856
755076335 8276 518370800 236745425 54856
754452922 16108 517934860 236549184 54856
757658663 41919 520109836 237554468 54856
755365985 24128 518554676 236838067 54856
