495038603 7303 276124180 218946980 30364
494356980 3422 275743144 218645522 30364
495618209 10081 276444518 219200464 30364
494270204 7975 275693230 218603136 30364
494633577 2364 275898320 218765384 30364
495213421 1952 276222722 219023268 30364
494065352 974 275583216 218516704 30364
494934535 2066 276073198 218903727 30364
494585576 2050 275872448 218746476 30364
494478227 5261 275810060 218697668 30364
494474233 2663 275808983 218695982 30364
494799132 6376 275994304 218842148 30364
494693684 4368 275931315 218792024 30364
494152019 5436 275628611 218555570 30364
494004321 4517 275546214 218488214 30364
494475097 2016 275809756 218696488 30364
496541234 3704 276960636 219610754 30364
494667263 1104 275917116 218782852 30364
494408785 2064 275781628 218673319 30364
495338777 2829 276292136 219078004 30364
494862713 4702 276024640 218867844 30364
494683866 1991 275929012 218793338 30364
494415516 7820 275773592 218669443 30364
494270415 6661 275694301 218607118 30364
494687652 3028 275928517 218792632 30364
494823481 2655 276011584 218855808 30364
495896752 2383 276604280 219325624 30364
494329766 2645 275728112 218632420 30364
494274121 690 275704292 218611571 30364
494360103 4351 275750484 218649199 30364
495145720 1514 276184616 218993553 30364
494396643 1694 275765844 218661678 30364
494324743 3618 275731947 218635008 30364
494379654 242 275757618 218656232 30364
494611564 2830 275891330 218761940 30364
494833063 2775 276011240 218855020 30364
494864227 6243 276023955 218867439 30364
494618085 4782 275888994 218761195 30364
494887620 1020 276049204 218884820 30364
495009032 3504 276106684 218932696 30364
494322820 930 275726665 218631964 30364
495753345 3100 276523323 219262092 30364
496749147 1317 277085085 219708616 30364
494546705 1000 275850432 218728965 30364
494805322 2617 275993757 218844064 30364
494271975 2560 275702982 218612272 30364
494389995 707 275763623 218660298 30364
494488476 12028 275812015 218698472 30364
494807579 4669 275993162 218843091 30364
494622344 4579 275891829 218761840 30364
