4294976670 9375
4294975329 8034
4294984939 17644
4294978157 10862
4295005711 38416
4294984548 17253
4294994015 26720
4294975637 8342
4294976926 9631
4294984970 17675
4294976002 8707
4294976347 9052
4294984458 17163
4294978154 10859
4294978241 10946
4294977089 9794
4294979494 12199
4294975279 7984
4294985112 17817
4294982788 15493
4294982405 15110
4294974248 6953
4294975956 8661
4294982867 15572
4294975016 7721
4294982442 15147
4294975037 7742
4294984185 16890
4294976284 8989
4294973478 6183
4294983770 16475
4294985042 17747
4294984165 16870
4294983845 16550
4294975906 8611
4294987864 20569
4294974013 6718
4294979124 11829
4294984266 16971
4294984592 17297
4294975649 8354
4294977670 10375
4294983512 16217
4294989553 22258
4294974148 6853
4294978416 11121
4295138072 170777
