368479194 368467027
365675510 365662947
368759427 368746337
368180102 368167411
368419528 368407221
368732783 368719459
368755302 368742258
368833735 368820483
368293378 368280607
368778303 368765161
368654956 368641639
368630660 368617263
353309101 353299244
368758751 368745704
357711372 357702993
368653549 368640280
367856419 367844063
367300496 367287092
357696165 357687750
368694469 368680785
354037972 354028064
368731411 368718148
354521320 354511301
368738444 368725159
368478920 368466723
357907651 357898742
368378166 368365648
368735785 368722508
357305155 357296085
368002290 367989908
368715664 368702204
354382730 354373375
368756874 368743792
368667298 368653723
368742877 368729827
366469548 366458225
368779780 368766637
368618847 368605641
368669520 368655952
368743217 368730168
368559828 368546249
368205366 368192852
368629597 368616188
368777704 368764553
368427262 368414878
368341176 368328375
368235914 368223098
367801292 367788489
368327049 368314399
368763674 368750733
48431276 55448138.187234
148188048 55518556.186059
161802217 55435217.825998
16338357 9259852.479002
39910502 9300155.393972
510268771 53532233.743976
1796127683 55381635.851984
64882040 55464982.113690
305320201 55388682.740055
434744289 55414269.200874
42525614 55466797.420061
447564437 55523904.756588
458063196 55479977.164647
52532171 28368827.457356
38858631 55175871.158826
176580119 55441944.914785
47373927 55484002.826824
171673045 55377463.129747
64969854 55412407.826719
87316083 36273955.974978
192785176 36572440.978722
262535304 28367208.646691
41155883 9051136.644182
179949451 55286467.661975
385440585 55474195.128933
0 0.000000
0 0.000000
0 0.000000
0 0.000000
0 0.000000
0 0.000000
0 0.000000
0 0.000000
0 0.000000
18715653 55485431.121455
104630101 55450944.647900
2054443413 4184601055.595212
789039370 1356556876.309783
959686786 949809113.991745
1415021254 571898168.583544
1023575037 392140324.985936
1418528890 4975734659.545635
1500180052 843230974.431328
22452434 55719534.390623
142604148 55358828.221493
1542495337 2112553461.907866
14072065 55497495.729619
87561932 55385422.807182
174324648 55334974.142340
