117329814 3401586 56959865 56968363
146753946 20784406 276884832 0
104344488 1192 383686996 372306320
0 0 0 0
0 0 0 0
0 0 0 0
0 0 0 0
19 0 4 0
3000002 0 1498186 1501816
3000002 0 1500930 1499072
8000002 0 3997214 4002788
466311553 7608 233127175 233176770
48000002 0 24002794 23997208
48000001 6069 47993932 0
112858535 1213687 70524436 70532096
166375229 343385 96571648 96576556
0 0 0 0
59559687 0 29733057 29826630
1017593745 12666 513037610 514471313
0 0 0 0
1388055 0 760830 763194
189855 0 123366 123362
128824095 26536 66207588 70595872
298011169 7753 159870224 146349356
2826 0 2826 0
163852 0 34606 138416
37425 0 25622 17080
21770 0 13437 13435
0 0 0 0
146442 0 70960 96002
0 0 0 0
82294354 6833 41974375 42407984
263600 0 119662 195238
0 0 0 0
20094748 0 6669872 13790987
20096824 0 6681985 13779477
20195525 0 6691113 13870012
19088037 23 6342920 13114790
20019074 0 6654558 13727426
91169149 0 42642483 50143288
0 0 0 0
4159739 0 2430007 2088264
37272918 0 18868576 20016956
1137100 0 606594 582806
0 0 0 0
2864394 0 1487162 1428837
2878482 0 1494239 1435643
2895226 0 1503633 1444667
2840475 0 1475010 1417165
2894701 0 1503073 1444128
22937414 0 12306010 11045886
22444408 0 12019538 10829353
3372 0 1778 1594
8470584 0 4460199 4423960
2681717 0 1474124 1603822
553999 0 296991 309108
371795 0 198767 224142
961103 0 569171 495132
21374359 0 12986132 10101368
18271120 0 10308647 9649111
21756112 2924 12064824 11577207
41480472 3541 22123940 21243256
22095132 0 12569252 11149027
29032862 6791 15403793 15566418
35018378 527 19491467 17635036
0 0 0 0
2865081 0 1371166 1546215
2865671 0 1371491 1546580
83727815 0 41865804 43373200
83657325 9105 41816236 43345516
83668178 0 41829910 43345435
83652455 0 41829896 43340479
84672948 0 42320740 43868208
122099744 28429 66407723 57760772
117967763 3751 64210359 55850672
121878014 15419 66298648 57661787
124813036 8344 67872520 59029153
121344360 5081 66018580 57416202
0 0 0 0
117728763 17675 64107888 55712412
117428933 28631 63942504 55567835
121545715 6213 66154560 57491324
119993204 7038 65324883 56771048
116971182 7199 63705234 55363052
120981290 3247 60162988 62933738
122597388 8253 60949896 63755195
124041347 8351 61655216 64493504
121680028 28331 60492504 63276203
120146930 6713 59751518 62502328
121635141 6409 60387708 63357920
120942114 23520 60042272 62995612
119949345 8008 59564604 62494755
119982675 5896 59580596 62511692
123097354 32534 61089760 64094423
708493 0 357432 403061
4764 0 5280 0
6564 0 3799 3797
430750 0 211973 269777
26602352 0 14843185 11759167
111362 0 55682 55680
683205 0 390062 369793
17410792 0 8989719 9848982
10753928 0 5711922 5042006
1624128 0 1100263 601175
