5191980190 18714 2595906204 2596064612  
5194448077 12661 2597141532 2597300100  
5220028410 25814 2609924712 2610084028  
5196467806 9222 2598153144 2598311776  
5203389794 23334 2601606936 2601765716  
5210525221 25865 2605173224 2605332216  
5204271541 24749 2602047268 2602206096  
5188824880 14584 2594329116 2594487488  
5224025403 33251 2611919564 2612078984  
5219004507 24999 2609413136 2609572420  
5218047548 29904 2608932280 2609091548  
5192466000 22148 2596145656 2596304108  
5205319886 44934 2602561448 2602720288  
5204835532 24152 2602329676 2602488552  
5207216057 25269 2603519076 2603677964  
5194128835 31543 2596972448 2597130972  
5213542229 42469 2606673452 2606832536  
5217457206 40854 2608631944 2608791192  
5205005672 154128 2602349660 2602508516  
5229756088 28760 2614787080 2614946656  
5211318838 33414 2605566444 2605725480  
5192892185 27497 2596356120 2596514588  
5208743056 32220 2604278952 2604437920  
5209335792 23936 2604579528 2604738536  
5209944011 43827 2604873792 2605032792  
5210033396 35320 2604922648 2605081644  
5190345568 33472 2595080116 2595238524  
5208908925 33229 2604361432 2604520420  
5204953812 83864 2602358700 2602517568  
5224194698 24486 2612008968 2612168388  
5204943199 33267 2602378644 2602537444  
5214873314 34174 2607343120 2607502316  
5206557703 38715 2603183232 2603342128  
5187811662 26246 2593816692 2593975024  
5219682112 60896 2609734324 2609893604  
5224536495 30107 2612176724 2612336184  
5195705255 30875 2597761060 2597919616  
5190667668 28788 2595243312 2595401696  
5209442445 43597 2604623112 2604782088  
5199896503 31279 2599856512 2600015216  
5214385195 46807 2607092844 2607251984  
5213691097 23725 2606757296 2606916416  
5201213989 31341 2600515048 2600673800  
5207260324 43760 2603532176 2603691100  
5187039611 33591 2593426980 2593585248  
5203998848 31420 2601907408 2602066200  
5196015289 21497 2597920660 2598079240  
5210363339 30567 2605090040 2605249072  
5197908406 41850 2598857412 2599016024  
5204786124 28848 2602302244 2602461116  
5198371904 42224 2599089320 2599247948  
5206720631 58175 2603255556 2603414524  
5207608886 52062 2603702760 2603861672  
5199271219 399607 2599359964 2599518672  
5210947385 46185 2605374908 2605534000  
5214863120 42532 2607334740 2607493892  
5221706220 46240 2610754100 2610913436  
5213693202 39986 2606750684 2606909760  
5196205400 41844 2598006300 2598164888  
5199106880 48624 2599453876 2599612508  
5213415252 37868 2606612612 2606771712  
5206855526 32966 2603335704 2603494620  
5198486524 46636 2599144420 2599303084  
5226533602 37014 2613172536 2613332032  
5193181760 50812 2596489736 2596648220  
5206874432 41392 2603341032 2603499916  
5204788151 42107 2602297816 2602456684  
5210145659 35827 2604978484 2605137560  
5205106931 44191 2602455580 2602614432  
5213448433 19013 2606638784 2606797896  
5202464672 36068 2601138932 2601297732  
5198625474 45590 2599214672 2599373324  
5214737574 57446 2607264376 2607423500  
5206695948 45080 2603249736 2603408624  
5192933767 47151 2596368004 2596526528  
5196489565 43421 2598147976 2598306552  
5198079139 39039 2598944580 2599103200  
5204609725 46365 2602206036 2602364900  
5200363657 40697 2600086408 2600245112  
5216208264 53464 2608002068 2608161284  
5225716417 45577 2612759468 2612918976  
5202483426 51394 2601140844 2601299616  
5211475370 46198 2605638344 2605797376  
5206441277 46717 2603121612 2603280572  
5220756771 40003 2610282364 2610441716  
5212740224 60760 2606264416 2606423484  
5217317259 38059 2608563424 2608722660  
5199697276 46632 2599749784 2599908476  
5203574344 34540 2601694628 2601853408  
5198241092 40108 2599025036 2599183692  
5205370241 40241 2602589048 2602747908  
5204821982 41674 2602314356 2602473184  
5205725319 39927 2602767132 2602926000  
5200565298 47550 2600183684 2600342400  
5204111244 35184 2601962780 2602121612  
5209975182 40922 2604891688 2605050684  
5229067770 42810 2614436792 2614596340  
5205843247 39635 2602826168 2602985016  
5214172973 37285 2606992224 2607151308  
5200231460 51292 2600014588 2600173312  
